9.906127678333238595e-01
5.769479127804080232e-01
7.107626885619745538e-01
4.523634242262761784e-01
4.059532933113095821e-01
3.612987078726395684e-01
8.013073921391156151e-01
6.232895357260574976e-01
5.670095163081043665e-01
7.059009421141598795e-01
4.584058148056259219e-01
7.139895450920763498e-01
6.024669711713409592e-01
8.770120848124645097e-01
5.552338478750310502e-01
4.562559292134184541e-01
6.733249977567149491e-01
8.933176004665067671e-01
4.550360090628985943e-01
6.493051672067406965e-01
5.887647896873092757e-01
6.314010699914106572e-01
6.141271182342069590e-01
6.132930600593565762e-01
5.383345885641892536e-01
5.137278262762656755e-01
7.713060287902450129e-01
5.495054678972103313e-01
6.507106657868775290e-01
6.710357713858549067e-01
6.735686248401394627e-01
5.130865758010624278e-01
9.378432416119170112e-01
7.405888281587544864e-01
8.985559937187439505e-01
6.478200953268548057e-01
3.878583291255033871e-01
5.099182064417310256e-01
6.489702117092486233e-01
5.051530458960257208e-01
5.433452987081628383e-01
9.141296423687835793e-01
6.497550589919721675e-01
7.986913173964739210e-01
3.876518824898177451e-01
8.943850510594177905e-01
3.891390724984725713e-01
3.760129357541146522e-01
9.234027817648038372e-01
5.386800151776975909e-01
7.812237481682503537e-01
8.040437010294125830e-01
3.923879689987794794e-01
7.060988110381787308e-01
4.741078712352445046e-01
6.468953698792209162e-01
5.110898164764855478e-01
7.006096199769505928e-01
7.295445938784653750e-01
7.718456214408169203e-01
9.203492366469611108e-01
3.218413411523053935e-01
5.553562664459430476e-01
4.706704006092198855e-01
4.611533539389742198e-01
5.155562916632149273e-01
7.330312255072580774e-01
6.870901607452872817e-01
3.218413411523053935e-01
3.731712806579612907e-01
7.420636476272088888e-01
8.394923054985197197e-01
4.442501730058651677e-01
6.156199849278707337e-01
3.218413411523053935e-01
3.218413411523053935e-01
6.172248671110956986e-01
6.460199317487096415e-01
3.290174219827377566e-01
7.106661008392465284e-01
5.222311940356765270e-01
7.015545609361103496e-01
6.755683200127892141e-01
6.325335630090187511e-01
6.017206252686907453e-01
3.487749151450303953e-01
3.387495222376765147e-01
4.507276358615068812e-01
4.038072474993723016e-01
6.668053026421986162e-01
3.376134409676335713e-01
5.814966226479458822e-01
7.353369821383464178e-01
3.999539849385009838e-01
4.300670673751491591e-01
7.477812712461352485e-01
5.321636884279461466e-01
4.825604609803723077e-01
3.964235755805461392e-01
9.444719557811649402e-01
4.393473233981494142e-01
7.255992828723302202e-01
4.746492658565377165e-01
4.409779451483603618e-01
6.905062198364508852e-01
9.144424346497709299e-01
7.987559985480418012e-01
3.290274313613201773e-01
6.302965174089361078e-01
8.946230544582438604e-01
4.088248108302616202e-01
8.961257717082153906e-01
6.286728033113215819e-01
9.698142456699473390e-01
7.627652684763237545e-01
9.989295205977142267e-01
5.524337550091981131e-01
9.662822898083252010e-01
7.959686030664685497e-01
3.992782174178310384e-01
6.540409783462713955e-01
7.149023922875976655e-01
4.291319720304309082e-01
9.407356387492308292e-01
9.929965283216012351e-01
4.124116661973349363e-01
3.218413411523053935e-01
3.218413411523053935e-01
7.121817656689827247e-01
4.707528620790428220e-01
7.968496297158328412e-01
6.044144770730762728e-01
9.677328859048370813e-01
9.154650002191400127e-01
7.641848133379969266e-01
8.597725983389485904e-01
3.717034403612952675e-01
6.454871446790337863e-01
7.759779943550696446e-01
8.598346833134726808e-01
4.728572577098438812e-01
4.104185955611276415e-01
8.812395485991065813e-01
3.945044752998633775e-01
3.218413411523053935e-01
4.965740180989973718e-01
3.663668867943882246e-01
4.605766151800065877e-01
9.027024094602119630e-01
4.493786903009026612e-01
6.398711389116129578e-01
3.616323399520974813e-01
6.898156540125381930e-01
4.683217274000179842e-01
7.694528579660540046e-01
3.237120393104508942e-01
4.467174688896347057e-01
6.378047910431523526e-01
3.303707851151106989e-01
8.399111871528165407e-01
3.269782440088830344e-01
5.442454285564094496e-01
6.126887649121857127e-01
8.094671754265480024e-01
7.125119438439517783e-01
3.796101017516258502e-01
9.609746086006517585e-01
5.103240155945446554e-01
9.421013994404798808e-01
3.387557532601004340e-01
9.614454426657135233e-01
8.878703897321021943e-01
3.861617993931609205e-01
4.904935101450184076e-01
9.540192825556005340e-01
8.526352112112467463e-01
3.392033024558225307e-01
4.383108340388148783e-01
4.659962987078545282e-01
9.052042322702401611e-01
5.549288452424320228e-01
6.228458434354847695e-01
4.646211292439594853e-01
5.601479134694042905e-01
3.552182606425393629e-01
5.958395688842812454e-01
7.511092319369989667e-01
9.944295685778787863e-01
9.338348888222529620e-01
5.612439621862465033e-01
3.218413411523053935e-01
4.249367126877595102e-01
9.484771271918953639e-01
5.536881982931839419e-01
6.747112813916555929e-01
9.029782285341637627e-01
3.310944234078491699e-01
7.655797360602359936e-01
9.366348756197537817e-01
4.585056356133809241e-01
6.982916901764447681e-01
4.088133401329628325e-01
8.810587329361458941e-01
4.078501810672451877e-01
6.886981473149385025e-01
3.774474205336676991e-01
8.429607285507888514e-01
4.625639397806708963e-01
6.796637663701695642e-01
5.863476769949071965e-01
4.957557939384082957e-01
3.218413411523053935e-01
8.252239569313633005e-01
4.297899733542599465e-01
4.735697168817062930e-01
6.887578887076835077e-01
4.353843520135438072e-01
7.050026830155672330e-01
9.147291514378695920e-01
4.451593782166915481e-01
7.077983711705758685e-01
8.772542564231304851e-01
6.273576785278923706e-01
3.353935401587530563e-01
4.481106204610212917e-01
3.218413411523053935e-01
8.096273391956216869e-01
4.568429186149384202e-01
3.973245230363507408e-01
5.223362494298640080e-01
7.329000808569201553e-01
5.809712753383863282e-01
3.243205563608980158e-01
4.916268758525214611e-01
7.161412671066328395e-01
6.245262731989933425e-01
4.839246152275902269e-01
8.217014100958246470e-01
6.789086727941154864e-01
8.858761643347251580e-01
4.972731606829677298e-01
6.790583687882590924e-01
8.828260487447560090e-01
9.965910594747645623e-01
7.527640986927601752e-01
4.129646477631801482e-01
7.854841882727368052e-01
4.296371046121842396e-01
5.407733668006496908e-01
3.404320359324877199e-01
9.603037963834916146e-01
9.643251461493098642e-01
4.428227984235820203e-01
3.481096700407645961e-01
4.143385261993433599e-01
7.992086370223215885e-01
4.733027566501387118e-01
8.100420927295052254e-01
5.013842805904816791e-01
3.973698919647174477e-01
6.903095019853967562e-01
9.119770415973075250e-01
5.946569769365449565e-01
9.251029357727972302e-01
8.177549640368235728e-01
5.619583833845371856e-01
7.242088019293186907e-01
7.182794640207472714e-01
4.166339228500194336e-01
9.357891420866624177e-01
4.145439514468481912e-01
9.902445939650262874e-01
6.439683750875518919e-01
3.660161842955327316e-01
5.759190113980884318e-01
8.441959375346509420e-01
5.490195042855420260e-01
7.724554893491333285e-01
9.833062849590242793e-01
6.573597951450308452e-01
8.562079775981407126e-01
8.728395581181288554e-01
5.126616360201222689e-01
5.064926366480282383e-01
8.240693281509151591e-01
7.956675928425840372e-01
5.056122793827246831e-01
5.670098727531747151e-01
8.310558307516524579e-01
7.851689995192897564e-01
3.220487349122709841e-01
9.285072651174757219e-01
5.393248940024645277e-01
3.615154084687982605e-01
7.327946154960397473e-01
7.923641597921976532e-01
3.218413411523053935e-01
4.234380047719891182e-01
9.976521502982254042e-01
4.491695408864813110e-01
4.302901220006969951e-01
3.335696175778988803e-01
9.292414775442043862e-01
8.900651078361689894e-01
5.654746652814395258e-01
9.417539857728813857e-01
4.657424620215305788e-01
5.843972274134753286e-01
3.552675454630102037e-01
4.393116511619449271e-01
7.604233404457937384e-01
5.064788367468889829e-01
3.843581914720152204e-01
6.841543442915433149e-01
6.848222334433030634e-01
7.543994169674536066e-01
4.965978117893924959e-01
7.448569597081070581e-01
4.253350124751473782e-01
3.928269715674244655e-01
3.218413411523053935e-01
7.791426107133234691e-01
8.876487892666835577e-01
9.797308831081115166e-01
8.733787326122109951e-01
6.011826012700719479e-01
8.823751456294701701e-01
8.220485561688768428e-01
3.613110316447583625e-01
6.682611681068243437e-01
6.125218184456171500e-01
9.720815887142425504e-01
6.847336109344379640e-01
7.548826357380503671e-01
6.560139988736344296e-01
5.740565068110874414e-01
3.797870276289026514e-01
6.737400333272233199e-01
7.572352510945167259e-01
3.611824531521244386e-01
5.035967071863517441e-01
4.832646392433198046e-01
4.233320970747543877e-01
5.792187478761177122e-01
7.125448232548597938e-01
4.640848934674570714e-01
5.668180674128304730e-01
8.086932385310627858e-01
4.580619210770777161e-01
6.469855202878230793e-01
9.816511851463807226e-01
8.493644799634813003e-01
7.476894960665200207e-01
7.108493821006808266e-01
3.895446196744880574e-01
5.442217954185121220e-01
6.014187420284886620e-01
8.539437516548417095e-01
4.522143518068541534e-01
4.467640680167336287e-01
3.863812465785780303e-01
9.365587886879594981e-01
3.312949394779552414e-01
9.108197085880314070e-01
5.860156941500924699e-01
3.620567466079398500e-01
5.786172498011564747e-01
5.621070427950657367e-01
4.428527901955826573e-01
5.379186830834201682e-01
7.447163087766536238e-01
8.099305096747166921e-01
3.635555314696597984e-01
3.622101418863008515e-01
7.477730761596761422e-01
8.286355066845619843e-01
7.146912918909095191e-01
7.854177531492376740e-01
7.170706994514671750e-01
4.403214431005311735e-01
5.625161352489608246e-01
3.483472596464065041e-01
8.088812732232039115e-01
5.472121274937319368e-01
4.655389613181155073e-01
3.341364671304782874e-01
7.165142039184122513e-01
6.645423753782389031e-01
5.331416217234612454e-01
7.423485568878520624e-01
3.777316722377986880e-01
9.323370896266789387e-01
3.531976436291811572e-01
6.381972225900212070e-01
8.566744654125091341e-01
9.162946042942866631e-01
6.277352402715813406e-01
5.891516965541440110e-01
3.516382679068202344e-01
4.400309581127596625e-01
3.348720717999529861e-01
4.992293898845780453e-01
9.519895204905879371e-01
3.308266455109055704e-01
8.928538498441533910e-01
8.988227088452761526e-01
5.295906781338820535e-01
4.089797371118059077e-01
3.259332683680923326e-01
3.615674080452327965e-01
4.088099577070613000e-01
4.958387183876584170e-01
8.917281062910193956e-01
3.467430611983337019e-01
3.414401271353091905e-01
3.833601822385592217e-01
3.218413411523053935e-01
6.887224927778623496e-01
6.694080547318234098e-01
9.583112388898317180e-01
8.666668296525236181e-01
9.362926591605549298e-01
7.069941430833793783e-01
5.456725000243384249e-01
7.030453547443237250e-01
4.493835065161675968e-01
9.111476357497894085e-01
4.582440610956288185e-01
4.399892877862243701e-01
9.119819770727294328e-01
6.388468128818546310e-01
3.578611572532059415e-01
5.482412761413979485e-01
3.295990201522078777e-01
9.144372294725309214e-01
5.302724901794027002e-01
8.714589845202328489e-01
4.015476227745778393e-01
8.915243883593495511e-01
9.178513172910259810e-01
5.010114919098788144e-01
9.602521736416524956e-01
8.066534748656855047e-01
6.117427127736529968e-01
7.445674226533759432e-01
9.609852110935959146e-01
6.904763842577370525e-01
9.963460401133308331e-01
7.411982414424540533e-01
9.399048270045247122e-01
4.563234040646537704e-01
7.717071505707018275e-01
8.008943155168182226e-01
8.083661421803757241e-01
9.848979301045783785e-01
3.345723343802615157e-01
7.175752671564600282e-01
8.975754240320339417e-01
3.218413411523053935e-01
5.614203776313677619e-01
6.944902220658465408e-01
8.657587936954386221e-01
5.303726136342347131e-01
7.792573283857109345e-01
5.083708268291580179e-01
8.686789445303063628e-01
9.774144031515440423e-01
5.417164758704997585e-01
9.804934194818606397e-01
3.371247304011232293e-01
5.431644206259933494e-01
7.915122617829403184e-01
4.230229119883990307e-01
3.950871301110612244e-01
4.036639369157147272e-01
7.681236583930680650e-01
3.559305366014980931e-01
3.266952869089810307e-01
3.308039310162530500e-01
4.395999076168052855e-01
5.164394764757785916e-01
7.195874800734197718e-01
3.331667385038951656e-01
3.772905608592875271e-01
6.260640697235149155e-01
3.763209176895703778e-01
4.956907019103976020e-01
5.488142708963468230e-01
4.762031043651477336e-01
7.471041412790884184e-01
4.911256989707422083e-01
8.452893548184780004e-01
7.764991896634249047e-01
7.282553705096322938e-01
8.439012740520832612e-01
4.882470265935509590e-01
9.069663338524992513e-01
4.424120589679803595e-01
7.413865392958296496e-01
8.532783464073175894e-01
5.459046981267940968e-01
6.018218321955497441e-01
4.254670167289983373e-01
8.059151440478835582e-01
3.853169171434056572e-01
9.692712738957084406e-01
3.855892920837513116e-01
6.946089445089962400e-01
7.682075724300417852e-01
8.569773994838593145e-01
8.323735651422992099e-01
4.978150227707900943e-01
5.781035627720692016e-01
8.651279195843961656e-01
4.957264523758865282e-01
6.707417505068409280e-01
5.441078782817767578e-01
9.019219742992382605e-01
4.599735182006195466e-01
6.388934532245932330e-01
5.984820656222914481e-01
4.887798846862676516e-01
7.828115372599546706e-01
4.348783868730236035e-01
5.451971367263990231e-01
4.101918765751066953e-01
8.602109805642327300e-01
7.354980298886564238e-01
6.368150221578889880e-01
3.218413411523053935e-01
3.218413411523053935e-01
4.300696675152907988e-01
5.775576771286375921e-01
7.961088349595953906e-01
4.921584923741372797e-01
4.343178910291913830e-01
5.781553889546906522e-01
8.890693836459091504e-01
7.933400700145089024e-01
7.416094549946093961e-01
6.689412364854810944e-01
3.626521826319782926e-01
8.131235467768294090e-01
6.196880315821261531e-01
4.745655202276158890e-01
5.424255506185668985e-01
5.735511355765595676e-01
9.032186985258863210e-01
5.049961787830300475e-01
8.869663027958746282e-01
9.010458596893491379e-01
6.178421246563542413e-01
9.871839349057234259e-01
5.218281730896872084e-01
4.754031660080754729e-01
3.918106180817492734e-01
7.314541457897086874e-01
6.366149211751985781e-01
8.787295479917365260e-01
6.097402681931055612e-01
5.311327522857949290e-01
8.124344887661268944e-01
5.561802198388656748e-01
5.265487261263871455e-01
4.060506424608737452e-01
8.317078580428197698e-01
6.790850478486621933e-01
4.668087770661097924e-01
6.836355639116293847e-01
4.492686899492496222e-01
6.965125144869300788e-01
9.247061120707179560e-01
7.224813574401407479e-01
3.395802010229895807e-01
5.685292607736666115e-01
4.091312137036488550e-01
4.547819001476413603e-01
6.733133774339451483e-01
8.843995893388458818e-01
7.070110449389873652e-01
5.986607148604509154e-01
8.792823654900386865e-01
5.748035598222709375e-01
3.577596741642516398e-01
8.101438342064973819e-01
5.008201120897037839e-01
5.324320611282409299e-01
4.507142224997452984e-01
8.656087442057184278e-01
6.832335272796447034e-01
5.103543393914330428e-01
8.268560539207165938e-01
4.274270289003518908e-01
8.986553351652170063e-01
5.598036050817359888e-01
5.541452451105464139e-01
7.970117463033574712e-01
3.650619090822107560e-01
6.231329050850655804e-01
3.686300244116153535e-01
8.755844781749344552e-01
3.445694721963749596e-01
7.404506924175970894e-01
6.431875736915473318e-01
7.756436669130110095e-01
4.996194725607734366e-01
6.264779415308967536e-01
7.545939309571385589e-01
4.866342408811258902e-01
8.489790525944860278e-01
3.931818214868436079e-01
8.203578115280141247e-01
5.726158404494473553e-01
9.185217548573534341e-01
9.575492865981505286e-01
7.186426817419998558e-01
6.558176197026648335e-01
3.730191233345601654e-01
9.124865950202488696e-01
4.812049218436441622e-01
5.210431196470471926e-01
3.218413411523053935e-01
8.226565030573921300e-01
8.742017465227593931e-01
3.665775125445583926e-01
3.560873622030156782e-01
6.662464928878168990e-01
5.124855359553989187e-01
7.001576540756835332e-01
6.455523489611891819e-01
5.820332235047781522e-01
6.508486122798922136e-01
9.371345973158571319e-01
7.104830418237197964e-01
6.058748262787433392e-01
4.553910321472678935e-01
4.717157100280899296e-01
5.012434240286571807e-01
3.218413411523053935e-01
8.294555785747713683e-01
9.257865673366141301e-01
6.979620788606675230e-01
9.670368164943956568e-01
9.205046015735901532e-01
5.233855272665649538e-01
9.719816151365108237e-01
3.861236644659186146e-01
3.917644942399721719e-01
4.570497091348806329e-01
7.814862458286728764e-01
4.217329643981817533e-01
5.762393043329113729e-01
5.844825830764470709e-01
5.067443885708653450e-01
6.428355779923570212e-01
5.563325310152801295e-01
6.034460966421754113e-01
7.475474097932258699e-01
7.926309002145170979e-01
8.232207878328587913e-01
5.126045419513531876e-01
8.689394141737379895e-01
8.998408970433906529e-01
6.314238630680936160e-01
3.940851411557848571e-01
3.218413411523053935e-01
9.532938819723474344e-01
7.711362200742338802e-01
4.722993411060135149e-01
5.000834764122762399e-01
8.170906683122470815e-01
4.561261162854642892e-01
3.718487888008664699e-01
3.698491068519602631e-01
6.686951358033219606e-01
9.668930899879329965e-01
5.101379183109947535e-01
6.947162465886886906e-01
8.083523318272021196e-01
8.571626838535886250e-01
3.218413411523053935e-01
7.080239963846832740e-01
9.137421590706420460e-01
5.092630408730348668e-01
4.266794184118261057e-01
7.521715956291271654e-01
9.525427825240786461e-01
6.433078307582011934e-01
5.345940025736368728e-01
7.160240156372433828e-01
6.607385774389245015e-01
8.587074018534680553e-01
7.401887993704577839e-01
9.554778187765636810e-01
3.290365051774337690e-01
6.857608642097007268e-01
7.209244487304099502e-01
4.736675840806693905e-01
3.235960354392249383e-01
4.870100749187784572e-01
4.379674533404525061e-01
5.835650248073178670e-01
6.841655951812802838e-01
5.026473297487437097e-01
4.198132822460736158e-01
5.997904532893119089e-01
7.507898279210311054e-01
8.635866657509657651e-01
7.420411079021340672e-01
4.138552321014767887e-01
5.640929128401888093e-01
5.484296472104267517e-01
3.554841844963420594e-01
8.110627022056289270e-01
8.709973689525577489e-01
6.355124735522645896e-01
3.456571281705264065e-01
9.775190058744664956e-01
7.556192869488423947e-01
7.258194605577740210e-01
4.429998560704421218e-01
6.041127200502359740e-01
3.332675154426689712e-01
4.481035022302543025e-01
5.393771248948395769e-01
3.218413411523053935e-01
7.861783542036434591e-01
8.935488061324805553e-01
3.853306052347181265e-01
8.098869453223037640e-01
7.805567818420469095e-01
7.077184643090568272e-01
8.891067296340351422e-01
8.871241519196624292e-01
9.598696046902391865e-01
6.948492310787697246e-01
7.694637328771187779e-01
7.555462519814303279e-01
4.836726563786378219e-01
7.717831054674616498e-01
4.555043827641561682e-01
8.258496030605163574e-01
5.484436664649093851e-01
5.466532260608454319e-01
9.095979754030981690e-01
9.604855217394581146e-01
5.477485700184099304e-01
6.639926967479854447e-01
3.218413411523053935e-01
4.363393246740968068e-01
3.420018381065796920e-01
4.360572562201031066e-01
8.440867454721198149e-01
3.652630693595416700e-01
9.981804320913734152e-01
6.359333021496865745e-01
6.982929407765416929e-01
4.255251998101314825e-01
5.375942694684010537e-01
7.551179416000859401e-01
3.311567294700535902e-01
6.863541046461174577e-01
8.265584608373475195e-01
4.331651513405925247e-01
7.200141443575289735e-01
5.670012318615765823e-01
4.225895044639711440e-01
3.458301427150887730e-01
7.161371319211314868e-01
3.725806967880307963e-01
6.143645325416313696e-01
4.305471037800502332e-01
8.075840996636359792e-01
4.639728639058040005e-01
6.128936853959734421e-01
9.133498237991538593e-01
5.135529372951357363e-01
8.480558045436528136e-01
5.040042939775248865e-01
7.622102346489608715e-01
4.793203945911221897e-01
8.530603116286373799e-01
3.848853744446313341e-01
8.102789546822354305e-01
6.334025324579365401e-01
3.247856609871969669e-01
8.716819218704821015e-01
3.662877032036356839e-01
4.221750738398230562e-01
8.647112036680792979e-01
7.619838497617330564e-01
3.335337293322120367e-01
8.445739307002071428e-01
5.821106150043033889e-01
7.347487145624965743e-01
9.605919284194817109e-01
4.461186382756509583e-01
5.346774601174475450e-01
9.026855652431285959e-01
5.866842756149693860e-01
9.464157176640528579e-01
7.223966608165710568e-01
5.149773089964259087e-01
6.688482363377140638e-01
3.768759879675493418e-01
6.923859344619381906e-01
8.722748406734559534e-01
5.889023637728189042e-01
7.537980906282639726e-01
9.490484021637543011e-01
7.150011660738665453e-01
5.492971864568294560e-01
6.590531380784746540e-01
7.488047582845364092e-01
9.760733546709670083e-01
7.428465442264077234e-01
7.897646604162603667e-01
6.615508973641529566e-01
6.064355922941591093e-01
9.065207541051729656e-01
6.360311616793281608e-01
7.740560905465386776e-01
4.187221621325707965e-01
7.326091365118377885e-01
5.935421900562800612e-01
5.173341274925731259e-01
9.677928409415581523e-01
3.754859543059537730e-01
8.384147633115281995e-01
3.719342975766335990e-01
4.252722068637374564e-01
9.673960229968697755e-01
6.507563457131815277e-01
4.130828816663942304e-01
3.276395190930402324e-01
3.476052681017533508e-01
7.619898594776195466e-01
6.795397975099275456e-01
3.481998405786908557e-01
6.391406740756201410e-01
9.095662603942027413e-01
3.392537758982255292e-01
5.221654578163735794e-01
7.852956926795178205e-01
3.424338953069393510e-01
4.599637773835690835e-01
4.153722324660130694e-01
4.187661178492051439e-01
6.599656799082317393e-01
8.832731050654573091e-01
7.520689636722637239e-01
5.003593852910914741e-01
7.520374319342130187e-01
4.251366520564108797e-01
3.218413411523053935e-01
3.560272567315014847e-01
5.715857196819614794e-01
7.576349173715000163e-01
6.347772181324077279e-01
8.958060018729806506e-01
8.240381865387761406e-01
9.225412829422686700e-01
7.481586130622420727e-01
3.556467902646275880e-01
6.580047080123613279e-01
7.741599463740387321e-01
3.336248239737492072e-01
3.758957791994571584e-01
6.184690140888385868e-01
6.396893650556670918e-01
3.398929938929669547e-01
3.299135091199374981e-01
3.674948025186716705e-01
8.817143218377549996e-01
6.412515221689192302e-01
9.889269855723081815e-01
6.259620714259600538e-01
9.654710265435026972e-01
4.079473900667404673e-01
4.014831661654110206e-01
3.417783657026508548e-01
9.419180371425913689e-01
5.557299794422799755e-01
6.376347463780699387e-01
6.895392178281879447e-01
3.630469122741977195e-01
6.191776243757610709e-01
3.218413411523053935e-01
4.256406776744335874e-01
6.455906374919335722e-01
6.113865012132569943e-01
6.614328088077587875e-01
3.517033247334774848e-01
9.989326756986396383e-01
9.359071116832409221e-01
8.201907766352386497e-01
8.218725233443553435e-01
4.905037404956189007e-01
7.472908474379268418e-01
3.552442692226674414e-01
8.894403302277668066e-01
3.218413411523053935e-01
4.368927808690405978e-01
8.776801728077652243e-01
4.100900490206755289e-01
8.143751172574608121e-01
5.835298058642067742e-01
3.715752223613670302e-01
4.681898965123983403e-01
7.691404094462365171e-01
3.625788482210502428e-01
6.807662636824318714e-01
3.255603920958377029e-01
5.199947562169523474e-01
9.395863799529210469e-01
7.159915157984935163e-01
6.360858044548510781e-01
5.076113685079167714e-01
9.564843476696937019e-01
4.310104295567494526e-01
3.697419726770901915e-01
4.166162101144029184e-01
4.581813754451570797e-01
5.816637921322076465e-01
6.413207871681783079e-01
3.237848922090600379e-01
9.250511339686593448e-01
3.218413411523053935e-01
8.946702700468039948e-01
3.804860289211629554e-01
4.734793486538903529e-01
5.415721480029958013e-01
7.953187914928193658e-01
7.244236579908933660e-01
7.832777015387190067e-01
6.425890187855902713e-01
6.086582021112292296e-01
7.987233725202070866e-01
4.966291422225951324e-01
5.652691484762450980e-01
4.942115884956708172e-01
4.578293377335204140e-01
9.314142532418011600e-01
4.799545423505747754e-01
4.765724586615216474e-01
9.638079515330318925e-01
9.952253139448110630e-01
4.919659473002989669e-01
7.840767177416297917e-01
5.225791857409091135e-01
3.643349790816612921e-01
7.797931566974641848e-01
5.714315388810230489e-01
3.410879585086567523e-01
5.175371584590748864e-01
9.376295189799009888e-01
8.711084695884322437e-01
4.512169996151770279e-01
6.172497064875205330e-01
9.977563350998798208e-01
8.686602276024942837e-01
3.242933324790912009e-01
8.705043400512771923e-01
3.988057315826649685e-01
9.610740487948250532e-01
3.704075377717717665e-01
8.981796731897528918e-01
4.780689330239872303e-01
3.853979478486037613e-01
5.595773351873652990e-01
5.653037563713432245e-01
4.681522597439144451e-01
7.515632655463151401e-01
8.179880718561627351e-01
5.789128239649310448e-01
8.354677156695513585e-01
9.222921458947701545e-01
3.360218163699212890e-01
8.549776189225058998e-01
5.660870976388873155e-01
6.371421419555207688e-01
9.383084964533033867e-01
9.049772072287206592e-01
5.699442591141961056e-01
9.678836898155900315e-01
6.085468024800763098e-01
7.046604037160177914e-01
4.823692838342980016e-01
6.242607004003769555e-01
3.786543275875053349e-01
9.284379266956370724e-01
8.625643737573644998e-01
5.815748110184908448e-01
3.653744228974165065e-01
7.073729110958161259e-01
9.805321124046081360e-01
7.137512058478302501e-01
4.352045794477184537e-01
9.756062605915220010e-01
5.796790929646933321e-01
6.241998602910091565e-01
8.166472246902133358e-01
3.653799196143122652e-01
9.633763394627861132e-01
6.257873571001226765e-01
5.163657371269269047e-01
3.972933422400585779e-01
4.128444516031416489e-01
3.571611912149908474e-01
5.801981827773002864e-01
6.261293869951054525e-01
9.906596637813771533e-01
5.208359313281638592e-01
9.277412919110891165e-01
5.286051790199826073e-01
9.743905606698736177e-01
6.799901129378242981e-01
8.750038106428501550e-01
3.291380878347910932e-01
8.032344077964400642e-01
4.565027859993222026e-01
3.964511714537105047e-01
6.447615228147659527e-01
7.702402225013976755e-01
3.901024573354420766e-01
3.826723291327492893e-01
9.162596958210218467e-01
8.949078160987519182e-01
6.737333768161358760e-01
6.150577924494836646e-01
9.176811500170556357e-01
6.398423693640629129e-01
9.663804684919049537e-01
5.584853536707623523e-01
9.857077202861980192e-01
8.483453202307418284e-01
6.676082988433522658e-01
8.776755078818522238e-01
6.742993339240435091e-01
4.288715366099477566e-01
6.871734760812440168e-01
8.157571159292893448e-01
8.130384289002782205e-01
5.606465876275377180e-01
4.744437263898073076e-01
8.928645194247186723e-01
5.577170213640376684e-01
4.554636945293709660e-01
5.895567790533570163e-01
5.853996895698448943e-01
5.485223793951854443e-01
4.912404062457434994e-01
5.751523266030021952e-01
5.441600927269086840e-01
8.721583722548796880e-01
3.683684823021395882e-01
8.136953260480161987e-01
7.467490981795407157e-01
6.738657505345524434e-01
4.963841103413429434e-01
4.819570605119349316e-01
3.380134403427448864e-01
5.749565546726747023e-01
4.112836188113190850e-01
4.400221029448912469e-01
3.316512229890551944e-01
9.364651251981420677e-01
3.995777174019304878e-01
8.815334081055169468e-01
8.098385015793750918e-01
6.121967890955778424e-01
7.785195183326460988e-01
9.534273868815380526e-01
5.147461866864033730e-01
9.721917109348678920e-01
8.774137422109572482e-01
4.686387579619663568e-01
9.401237547724804466e-01
5.029193168906903599e-01
6.339667708448405437e-01
8.036337048783595005e-01
6.892135163735225722e-01
8.645506950593715434e-01
6.879835911363452183e-01
6.230523258134176290e-01
4.700439934358902616e-01
4.009043493111042467e-01
9.939182905209007490e-01
9.624661836924424119e-01
3.772919401989693333e-01
3.745313112333754080e-01
9.217237352372025239e-01
6.415148805404033983e-01
4.075830261724917580e-01
5.863727402771420349e-01
4.272628127948396859e-01
7.534878753656931716e-01
3.513451364434101443e-01
8.284135455363337286e-01
3.633125668352853999e-01
8.070337460144484387e-01
5.498217127212179367e-01
8.834373385081218943e-01
4.585026352823206031e-01
5.268225982674339392e-01
8.258036912689282749e-01
5.876462910839539422e-01
3.585863656307985980e-01
5.676474863011417016e-01
5.368758913826479073e-01
3.702328061178312146e-01
7.124974870718188136e-01
4.114401018737933735e-01
9.307712644826229287e-01
9.714853039636451859e-01
4.234884042332154319e-01
3.649904550952491333e-01
9.192726692256684151e-01
8.371953366844916422e-01
4.094117006902416867e-01
7.874734215283699656e-01
8.174793068972303622e-01
3.284848104049760131e-01
8.658463091847800053e-01
9.132902311393269468e-01
4.677074770076894428e-01
8.897811708818512688e-01
5.122660494788502383e-01
9.747644985690554487e-01
6.303899165797096638e-01
6.622985311796610874e-01
3.581535231621297832e-01
4.964669176345322676e-01
4.774246091132159919e-01
4.348701502801090579e-01
5.839093250828424342e-01
9.434162438246715965e-01
3.362164181778672378e-01
9.047679005177752254e-01
8.401738614402165517e-01
8.127499349689067953e-01
3.997133473200500942e-01
5.707226411167374280e-01
7.167118244172555608e-01
7.709991412539014544e-01
4.182612144971213364e-01
6.769356745213426230e-01
7.074888326101321789e-01
5.120969342381194167e-01
8.222350800244307978e-01
7.506508095151716020e-01
9.879224053883172152e-01
9.202354699118699966e-01
7.890882239726202396e-01
9.969675363204357765e-01
3.421079539783153933e-01
6.723520234507173177e-01
7.797449433186710577e-01
9.704397913788495034e-01
8.432348513352067032e-01
6.619126419912612080e-01
5.996219776026385784e-01
4.574553070869062932e-01
8.064585195845189736e-01
7.627992805150576316e-01
6.237139843223221680e-01
6.557518861029406620e-01
3.218413411523053935e-01
5.649248785519391802e-01
8.039322150219873064e-01
6.707638632053376515e-01
7.078560580344522846e-01
5.805095626910236062e-01
6.389082343771130823e-01
5.541390222509965380e-01
7.222763377444311184e-01
3.996240351795652956e-01
5.334923162807907460e-01
7.924770140684904707e-01
4.813914680917042443e-01
7.024483804869673387e-01
3.218413411523053935e-01
3.730666272875608480e-01
6.275026757818800149e-01
6.653175358895467850e-01
8.272622987264439676e-01
7.586284363332453928e-01
7.651565386732681606e-01
9.504255269855742538e-01
8.855792708287859583e-01
4.332197838319208905e-01
6.979835575416321047e-01
3.218413411523053935e-01
4.048634932660770680e-01
4.542718685888689212e-01
7.287128968557093911e-01
3.218413411523053935e-01
4.421230816400543162e-01
3.218413411523053935e-01
3.304549950663513425e-01
3.929246773474941445e-01
7.329187626637224673e-01
3.693389655655644477e-01
4.530757457515007247e-01
8.287799229262184930e-01
6.215703569328653311e-01
8.753816998282685224e-01
3.417132707698317118e-01
3.561856927616822710e-01
3.725785286002455399e-01
4.832799599110413902e-01
6.278637077824584800e-01
6.849265125144383681e-01
6.559987967336032844e-01
7.315003178694902131e-01
5.565190014896556070e-01
6.322814241119975032e-01
3.537798484735048543e-01
7.977512002146048831e-01
7.183345735250217245e-01
3.811276914674002758e-01
4.668416063814155859e-01
5.699401980909141185e-01
7.530068361719930436e-01
9.427293627367536732e-01
7.282610195500255346e-01
4.166146841651343635e-01
9.007397409488293594e-01
7.274879112058281194e-01
8.472944762282044184e-01
4.722400413762876115e-01
6.961661796331514163e-01
5.687700088113867292e-01
4.507799165780082551e-01
3.873183160370681222e-01
9.944059161345764064e-01
5.915953070661024160e-01
8.025362358962978560e-01
5.423471611189221164e-01
6.869540342341471373e-01
4.490556151577224098e-01
9.417717597900925330e-01
8.952299776142133014e-01
6.197411604082022629e-01
4.728125049471574859e-01
7.122946907569968067e-01
5.871851619123665822e-01
3.609053300207228365e-01
8.699819216942754618e-01
8.983274701771647441e-01
9.054333744392228933e-01
5.929285984855482416e-01
6.795742623642899716e-01
8.178171981724106088e-01
3.857755567080626835e-01
5.520277791838783532e-01
6.513475546090773394e-01
5.343158025852978721e-01
7.109537746601706232e-01
3.599361596025346111e-01
7.066796949659328586e-01
4.292106041368368707e-01
6.340218863055242515e-01
8.829871296884618248e-01
7.591582140721070404e-01
5.137395544387897139e-01
4.458860509341201483e-01
6.995195094823498660e-01
6.993201512926364716e-01
7.655934377863486962e-01
3.229801930885005112e-01
5.535325125492632781e-01
4.367966088723437834e-01
4.334376671758635724e-01
4.540885931912631568e-01
4.900628010629257125e-01
9.357997669408133490e-01
7.827229239118735915e-01
8.805166724289149593e-01
9.904960021900600653e-01
4.117461045337881265e-01
7.385858900637708446e-01
5.129966503232471497e-01
4.344040145207035408e-01
4.027554979484180286e-01
6.069030317786850981e-01
6.231622657647636343e-01
4.923524545673032549e-01
6.089174650856725712e-01
7.358022320446281350e-01
6.007896500536016315e-01
6.336711367517241511e-01
4.715778046222187658e-01
4.141446899529966363e-01
9.262060479787610490e-01
7.015433899350950187e-01
4.692177839546054496e-01
3.218413411523053935e-01
6.279685971351701701e-01
7.264431327147204964e-01
7.402825094167017062e-01
7.074635232727490841e-01
7.286231392366514514e-01
5.291866697920201146e-01
3.231082475629097339e-01
6.020463041301663543e-01
6.914300265789430355e-01
5.945747756121145811e-01
4.010505055515080630e-01
5.916888011835302885e-01
8.656738123943892305e-01
5.292719257610517536e-01
4.853464862753796294e-01
8.829796778072670493e-01
8.198776792093943611e-01
3.830997887822597536e-01
8.967573856131891841e-01
4.294176813657692438e-01
7.943942219638007174e-01
6.734022128656219630e-01
4.046486737105116638e-01
9.705403863692902977e-01
6.842708304384041984e-01
6.891715444815792457e-01
9.656289918125851024e-01
9.322465960651344918e-01
4.706972648813859128e-01
7.705390097041641129e-01
7.016890474165876634e-01
5.395165976795519569e-01
4.663444231239954330e-01
6.851991282208862444e-01
3.354556289373786804e-01
5.680343332385964228e-01
5.025946436627273251e-01
5.232931076445104246e-01
9.550606205986506003e-01
3.249533311398598023e-01
8.263004535582019194e-01
5.458561700893390656e-01
8.794602004201480527e-01
7.790870063819668179e-01
7.014060741046099778e-01
3.968239059010681968e-01
4.713741449299995168e-01
6.514747246547580861e-01
7.765059815029379253e-01
6.469892601619076089e-01
4.531857847526856720e-01
8.553146931722348523e-01
4.709334067783195188e-01
9.627394197643864837e-01
5.474657729632916858e-01
6.345707227952992469e-01
8.687359386717862231e-01
6.221289146449772156e-01
5.814694377917478674e-01
5.933905525785230228e-01
5.245420933261359941e-01
3.218413411523053935e-01
3.345586528124834258e-01
8.269160524769429976e-01
7.832832686966297864e-01
6.057148043703366458e-01
3.218413411523053935e-01
5.212203537557715816e-01
6.527534840792664772e-01
8.322373015745215818e-01
5.159980542782413027e-01
6.721168079158681419e-01
7.524858683008316396e-01
9.475551807196321841e-01
6.313363055552075886e-01
5.966605198555773315e-01
6.953923993890799293e-01
4.668914647433549669e-01
6.830519457738002398e-01
4.458600597086542772e-01
4.600304309655810497e-01
7.847869759451143734e-01
4.590582000447736011e-01
6.868270586882472273e-01
9.109087718908425169e-01
5.447675979634188925e-01
4.214501028512004366e-01
9.800736200245885321e-01
5.076526107591762260e-01
7.731892601520101715e-01
7.187834898007878781e-01
5.691583525884078565e-01
3.658890498965678972e-01
4.413438667627149203e-01
6.099960548125914483e-01
6.303389357112387792e-01
5.836048090612065975e-01
6.411922924845088190e-01
4.389517927853414658e-01
4.321661718739354119e-01
3.218413411523053935e-01
4.897058749124753030e-01
4.486833997670757190e-01
6.698933981247982006e-01
7.388429558211145887e-01
4.048655445552259424e-01
4.144555510104862006e-01
3.429879221424663727e-01
3.465779562312055195e-01
3.741792590585872880e-01
9.933790883393401883e-01
6.571109645445807335e-01
7.411519355010660615e-01
3.476874918690054383e-01
4.647139338354775995e-01
6.676931752196847425e-01
9.000830222119770019e-01
7.115647070887815007e-01
4.984997201024315427e-01
4.941556380745387167e-01
9.603396857710567724e-01
5.752760024959621132e-01
9.848560202468841229e-01
6.630958922912822961e-01
8.939590190824313609e-01
4.055414092834336293e-01
6.719537404336616282e-01
8.725711854755248131e-01
7.413360593234235019e-01
6.922072369910236000e-01
5.698574098354508566e-01
9.856090626517470810e-01
7.886496321435804147e-01
9.246793526142270681e-01
5.862927175272255598e-01
3.231505556307791016e-01
5.280596983591320237e-01
7.712858978342617133e-01
9.272217906347145489e-01
4.588660442876077994e-01
3.218413411523053935e-01
5.440199654986166422e-01
9.798460179593647679e-01
6.138270421570830582e-01
4.459701956115750265e-01
4.051412767835776418e-01
5.036415448637053816e-01
6.158276088416509975e-01
3.696492376293677440e-01
3.355367814962973982e-01
3.218413411523053935e-01
6.162135798449014379e-01
9.761148911699767394e-01
8.462444677997896791e-01
5.585063886570145186e-01
3.525131880339638091e-01
9.124902592455284012e-01
3.382251030672177583e-01
5.196024592593578850e-01
4.672204711632079732e-01
4.107998781768242291e-01
3.815059712754719223e-01
5.591632697299627752e-01
7.535057581419789541e-01
8.926692933679739594e-01
4.830958338034035959e-01
9.944215600162586988e-01
4.829718616557143740e-01
5.469096147937788643e-01
4.097135483437894243e-01
3.218413411523053935e-01
6.240540004698315046e-01
3.426163504800414650e-01
9.520998816637302742e-01
9.752343099002545035e-01
4.728834976589741945e-01
8.701693504655231282e-01
3.503964949801898765e-01
5.631161368049313332e-01
9.690344908986717742e-01
6.529039059192682792e-01
3.917529734269246111e-01
3.899833036521102581e-01
6.509506786433431058e-01
7.698959593644835175e-01
9.150828483699741112e-01
8.263015983763500882e-01
4.646630668806795983e-01
9.713714386568906844e-01
7.474700794458697395e-01
3.280594533789447653e-01
5.832478747458791357e-01
9.955653116357269239e-01
4.065752492299147258e-01
5.319556888759582325e-01
5.835952299189633985e-01
3.298016925078788852e-01
4.286034064132386301e-01
4.475544705357898945e-01
7.315795717653608143e-01
8.158198386372430555e-01
9.865597778540976526e-01
9.078005523014488487e-01
4.348253422517706634e-01
9.817656886296923791e-01
3.463093597957554448e-01
4.824811169747076356e-01
4.717244131687814979e-01
6.857800180190772865e-01
9.316360609305247564e-01
4.722225226018604838e-01
4.603584808892031144e-01
8.180705749964342077e-01
6.363851443214728620e-01
8.762009990547925398e-01
3.806538416398942415e-01
5.026900990540824621e-01
5.840677543409972250e-01
5.072680965912003126e-01
4.641378600339560179e-01
6.987897377451576242e-01
3.218413411523053935e-01
9.855449934195991135e-01
3.290518253757020450e-01
5.855216733136519025e-01
4.079476614741141538e-01
3.787401996013390337e-01
5.872840705054992450e-01
3.744511035723483983e-01
3.218413411523053935e-01
8.310557403862883774e-01
8.188433321051694636e-01
7.238551496670497798e-01
9.463247947064838961e-01
4.676304995623000726e-01
4.508871734152405941e-01
3.218413411523053935e-01
6.923115821808317749e-01
4.325646453536677316e-01
3.288791711103229432e-01
3.259540624020784705e-01
7.847060163766481633e-01
6.999568396774105139e-01
4.541748590238043892e-01
3.876118981140944109e-01
6.629794170815703769e-01
3.401239701767446721e-01
8.280246405418196787e-01
4.932213998594168203e-01
4.697295582479218412e-01
6.114301650107667463e-01
3.763260653742944162e-01
4.874142481140730787e-01
4.533897800555662938e-01
8.225237261734534844e-01
8.169558105032974638e-01
6.209417442727175329e-01
5.024362599953139386e-01
5.420978866780730154e-01
6.894984976979492419e-01
7.046844544814152567e-01
5.864394428153251182e-01
6.500508512188757360e-01
4.583527505206831942e-01
5.814508847085335663e-01
4.762216643217639933e-01
3.218413411523053935e-01
6.142090044595742704e-01
7.144407816808713285e-01
7.780712190961036612e-01
8.802464822417664925e-01
9.098843366317685977e-01
6.244734915052688740e-01
9.001230176254406690e-01
6.794028244224600277e-01
9.149856079136821085e-01
5.504959042197000718e-01
9.893462533974116679e-01
9.674634512143803766e-01
6.479582546783693164e-01
9.337580220646177764e-01
5.811110619306646408e-01
5.090310618860827141e-01
4.048741355045661905e-01
8.310259524199055114e-01
5.187512506067178952e-01
4.950133467222246342e-01
4.396625286144601463e-01
7.450973352247287629e-01
5.274560449482244007e-01
8.679930789252301437e-01
6.475466186184022366e-01
8.471220962667339593e-01
7.672128061302938562e-01
7.283985263678132149e-01
8.610256220880618816e-01
6.087841542834707687e-01
6.226191956065698641e-01
9.760770410644716844e-01
6.686745896268243561e-01
4.596051930078242642e-01
9.056305406993380158e-01
9.714066032623961400e-01
4.343821106181128822e-01
3.218413411523053935e-01
9.148095741932660285e-01
4.137124635035269726e-01
7.719364952099725397e-01
7.305983988660988970e-01
9.914337019790289141e-01
4.389579157402586085e-01
5.703499322681565564e-01
4.005140075344810202e-01
3.434955141797483846e-01
4.994034083146716707e-01
4.057601622291883148e-01
3.879010381733981605e-01
6.007663411774259998e-01
5.005475098062366346e-01
7.874039964323638063e-01
5.061538784228639676e-01
9.294050829863803598e-01
4.477384940736288677e-01
8.884879205419621284e-01
7.782859488532570813e-01
3.295832629580089934e-01
7.430875329347473857e-01
3.885073897818579480e-01
8.450304359308584701e-01
3.685959963027509168e-01
4.357250543261017017e-01
8.021255297591480815e-01
9.810665580234393390e-01
4.904965934933414595e-01
7.042671562787308215e-01
4.309848980603010471e-01
5.377267245614074653e-01
6.590996773249684360e-01
6.847334717666295756e-01
7.340073038720561494e-01
3.482317594762565083e-01
4.323010939549666309e-01
8.593259114028785062e-01
6.192221991460722386e-01
9.626564988093944120e-01
7.702069431637756924e-01
4.101987697985317038e-01
6.019336250759881324e-01
4.514827553449140551e-01
4.740532888416028046e-01
9.507449666208378503e-01
9.255349092615215989e-01
3.249267758958674923e-01
3.777105055079879037e-01
9.561508880209697026e-01
8.191954801243911399e-01
4.556382329143144339e-01
4.203184523430822939e-01
6.524110031497575291e-01
3.962144070527563455e-01
6.616616606746883456e-01
4.724886311184071652e-01
9.562594588714329324e-01
3.271953874744096269e-01
7.030439450162024873e-01
5.409728010101664264e-01
8.455216126649611752e-01
8.055565814244979306e-01
6.342898584577855159e-01
8.745514306857441467e-01
3.774293820264243982e-01
3.834995284034429242e-01
7.838699347609859869e-01
5.420689880507536529e-01
7.544200422531973649e-01
9.413303928548011346e-01
6.763512117372244559e-01
8.752680661509104620e-01
4.481371046822386073e-01
9.151653912589574613e-01
4.167674501992240654e-01
8.760724043599029676e-01
7.606520527209357230e-01
7.033417886430486377e-01
3.866546769491072122e-01
8.412244532364951954e-01
6.190366446931345745e-01
6.864248459232958899e-01
3.962494270003564245e-01
4.595710216735557352e-01
4.080539314754070834e-01
9.010091238697063298e-01
8.807672837168581959e-01
5.436758312935260351e-01
8.676678240177301271e-01
8.036507972537608735e-01
6.079803689883722662e-01
9.805786377401310983e-01
7.043089576258999562e-01
6.636298146898294004e-01
9.052783441455268809e-01
5.099895488879400141e-01
9.602662907048801211e-01
9.647056911879083874e-01
3.222431835226866603e-01
5.581999511346278364e-01
3.938959323521333822e-01
5.541922609907949937e-01
5.910874150398158777e-01
6.181685370144897052e-01
5.486069105691606662e-01
9.107466363573434309e-01
4.390677926313433788e-01
8.424752610147044907e-01
4.674326497814560999e-01
5.725819066280025682e-01
8.540082348458899464e-01
5.564054376042963934e-01
8.842297862036760936e-01
4.516171481837237822e-01
7.758608770519469511e-01
5.826860660574318951e-01
3.732871448909600431e-01
4.318407983811413664e-01
4.316752401101983105e-01
4.553728463441122365e-01
8.939048871042721833e-01
5.455483767462399047e-01
8.971021356955790615e-01
8.110468557595261752e-01
7.738214820856150755e-01
9.199565760268635373e-01
9.728365783599369765e-01
5.786246003519526226e-01
6.312800417269666120e-01
4.846826705733131568e-01
5.874592030809505649e-01
7.531851801168144567e-01
3.876912867644141114e-01
7.404941209155884163e-01
3.218413411523053935e-01
4.566024898047029157e-01
7.776051451492431710e-01
3.724446416965200846e-01
4.203618051703433833e-01
4.685941954200608661e-01
6.885063937656867861e-01
8.503567273681178484e-01
4.517747906761491739e-01
9.472966464362282402e-01
8.927664102356410725e-01
8.993643369985947489e-01
8.666029098450485080e-01
3.279455764106048998e-01
8.724937571391508939e-01
4.406569047108161441e-01
9.181852280481392903e-01
7.680911472728816358e-01
5.681680838526970145e-01
4.509357505444592240e-01
4.490290858860982448e-01
5.408591947705704284e-01
5.872038745063244969e-01
7.808700594115665083e-01
4.346462631746074723e-01
6.163398494982056386e-01
3.706063083578298722e-01
7.680440130836384549e-01
3.738340713576842056e-01
5.446309256727124293e-01
5.722698931715878290e-01
3.240629320834723659e-01
6.984652519062409803e-01
4.416414817858805297e-01
4.365273405016513175e-01
4.185313645817511641e-01
7.066582980885096621e-01
3.872746585209348447e-01
5.232574825012372699e-01
3.218413411523053935e-01
3.581738161134424558e-01
3.583521956242987083e-01
6.928995375463137263e-01
8.441767034468409259e-01
9.102409721513079477e-01
9.590372917448457546e-01
9.626883287895651176e-01
8.678275262513597266e-01
6.904440845323519538e-01
5.892356861087666431e-01
7.575874187921944891e-01
8.121433516166249866e-01
7.587401781965247283e-01
3.428292251109931743e-01
8.561410755824978569e-01
5.172894960740621606e-01
4.201446539170096139e-01
3.552863636981247741e-01
6.044305897835159369e-01
8.688460451410637830e-01
4.376215199987982807e-01
8.966608808731194591e-01
4.473146938946484519e-01
4.181492354655136912e-01
3.416065547903227584e-01
3.991273758933050475e-01
9.822233818884218426e-01
5.991917089395941698e-01
7.629234839076430852e-01
5.171915228610196591e-01
7.462525224220896147e-01
6.209644313464591781e-01
5.172054363808467059e-01
6.789400241067294894e-01
5.272112534248898363e-01
9.083987051072544006e-01
7.186419948626461274e-01
9.115113066429934019e-01
6.034789937542468508e-01
6.255130275096271175e-01
4.538730459946161977e-01
8.946273879108791460e-01
7.655180126220892944e-01
9.025143839548193103e-01
6.592760475323637959e-01
9.299546812795277395e-01
9.879478109086418103e-01
5.176294357124411327e-01
9.209425836644832275e-01
9.863503837727435331e-01
8.233734955790407151e-01
8.990707518295689704e-01
9.867776192119417367e-01
7.983138956876604242e-01
8.862908270058640348e-01
3.488249407242979272e-01
9.912321378472850331e-01
6.002502133516026683e-01
6.586083731444559719e-01
7.484673077629105942e-01
6.339257381477361175e-01
7.744463380939712316e-01
6.060853294174798345e-01
5.928092720921216419e-01
7.710510520707879456e-01
5.777116530400826511e-01
9.413362980996502483e-01
3.747847469416206723e-01
8.463279499318505650e-01
5.630456413576938601e-01
4.020921292495239219e-01
8.699888840188019223e-01
4.061953297446667110e-01
4.025913042436470302e-01
5.567130564231214107e-01
7.404085448027382110e-01
3.879718765047178719e-01
6.794094049248594613e-01
8.523542195179956149e-01
4.680710133551679308e-01
3.303886272711673566e-01
5.796189882252356096e-01
3.465748937025094345e-01
3.503785138391549148e-01
4.626218720797286021e-01
4.993790752128851596e-01
6.426697364657811828e-01
8.117930366292265276e-01
6.245511856828408481e-01
6.555898454680361143e-01
8.519065826009907250e-01
3.273026195830643914e-01
4.615785862346363233e-01
5.730972861559503473e-01
9.185586700956106521e-01
6.406052101038703928e-01
9.191221185059526011e-01
3.368251504492203452e-01
9.234376754980386792e-01
5.425073451839291794e-01
8.978015922134868765e-01
5.003800026848811422e-01
9.636393577423524315e-01
4.308222663244097306e-01
4.802392875909011760e-01
7.124646363386054615e-01
5.626109915582667709e-01
3.699374613100946396e-01
3.927892675226243302e-01
7.764329485870756775e-01
3.218413411523053935e-01
8.507926472603777324e-01
4.260166973431507853e-01
3.573748824643801503e-01
8.923383945610410262e-01
4.701411993613244245e-01
5.524478226531517322e-01
8.428451638129996759e-01
7.989009856958977362e-01
3.363831797940726731e-01
3.759367423976808786e-01
5.071748680996587266e-01
3.955219612644960137e-01
3.218413411523053935e-01
8.109956211460582765e-01
4.330057066429011114e-01
9.074763695925206486e-01
4.255676486146671711e-01
6.212350965513773193e-01
6.226478266933561656e-01
4.171656334950254452e-01
5.130759309157072456e-01
3.717121013168811494e-01
9.498133961751795695e-01
8.098873411833321656e-01
9.879630489815550698e-01
5.399785269161563317e-01
8.557997514486211932e-01
4.453910048699731283e-01
7.189597074615551309e-01
3.692540019756258562e-01
8.806400590005647455e-01
3.527401321616654983e-01
5.158097856363751399e-01
8.402847630743913721e-01
8.774706656864433851e-01
4.595697359911845026e-01
7.332987524329670492e-01
8.429853495902125404e-01
9.783395418680700395e-01
7.188998448968038080e-01
5.730925476912216432e-01
8.506530328222297044e-01
3.506999611211028545e-01
8.518485998287670391e-01
3.522992081460591951e-01
3.989518440268971511e-01
9.211834902425154459e-01
6.886573649297037525e-01
9.529268112912002708e-01
7.266353168907846438e-01
9.237145781021829372e-01
9.583674971684684740e-01
7.622110124471537240e-01
4.878056887276318587e-01
4.409028239174798136e-01
5.944623108402710132e-01
6.548696543693349748e-01
3.360264694204097569e-01
8.557348116927265824e-01
7.784947894193018358e-01
7.781608779370878803e-01
9.413294628688116950e-01
3.218413411523053935e-01
7.893813747551035043e-01
3.282301767668548420e-01
3.651705019636041771e-01
6.099781732156087655e-01
7.940857366428283326e-01
6.413049556449238464e-01
9.673671842300236579e-01
8.100635169356057430e-01
7.229876984562129127e-01
4.986096651137782443e-01
3.333234491501518293e-01
3.218413411523053935e-01
7.741983594774578537e-01
4.908413128554928728e-01
3.672849698550723074e-01
4.907908820367505309e-01
9.385737791152042320e-01
6.431262467548675144e-01
7.896028529156698950e-01
8.770767474586037560e-01
5.610568515882519147e-01
6.603370086800204319e-01
8.096522648156424529e-01
6.908756088524133920e-01
5.285297002671631716e-01
7.349655863389689125e-01
6.098716859428690018e-01
3.218413411523053935e-01
3.705822121500511046e-01
6.844896376481393041e-01
5.425963486396335744e-01
4.914563432685470357e-01
4.523428235109577256e-01
3.919287457848573131e-01
3.341175106328928557e-01
3.743113321036823371e-01
3.225621718602358357e-01
9.219632846811594007e-01
7.438593818306424854e-01
6.707244931180876835e-01
5.733657444902519051e-01
6.602724243503268475e-01
4.939184254723857359e-01
6.414401340235431626e-01
6.574881340572463762e-01
5.619219224621794240e-01
5.272763454832442021e-01
4.922241470800268748e-01
3.218413411523053935e-01
6.183395057592883104e-01
6.829840853915754018e-01
8.548539120475570074e-01
7.158878976619961199e-01
7.738142159172588519e-01
5.584709487358143765e-01
4.312791532529595684e-01
3.551768760271967751e-01
3.218413411523053935e-01
9.083547131920829409e-01
9.845305637435534107e-01
7.791201045070422770e-01
4.159785604174328077e-01
9.072973301786979583e-01
3.499194361681278176e-01
4.440800069403211814e-01
7.724816079228998822e-01
5.490369398270770196e-01
3.444899755077350800e-01
4.663604305972665065e-01
7.433589678317114036e-01
5.852373658264629075e-01
5.872791899268084981e-01
3.409526507570331821e-01
7.233306827957213248e-01
5.146807406025462051e-01
5.841398297991697852e-01
5.398744341820320702e-01
7.233468947336092469e-01
7.459580207784964889e-01
8.374161276034589596e-01
4.665552820265174150e-01
9.671933309692666292e-01
3.399265403500650873e-01
6.427124548813963889e-01
6.878603745782825296e-01
4.083317725352159089e-01
5.668587451379483166e-01
3.923466967975082209e-01
6.717187843397982583e-01
5.994166366401927348e-01
9.542078718071593801e-01
4.225825745751147777e-01
3.867337392152457309e-01
4.218191019951038068e-01
8.760193640921656311e-01
3.315500600479648341e-01
7.488732085902956026e-01
5.201566602174390042e-01
8.573775467745662349e-01
4.444837750204521098e-01
3.831229187784533363e-01
8.993095520412145438e-01
6.858897815475420989e-01
3.388090246504247283e-01
9.391315551145366092e-01
9.884488419553991712e-01
5.494075872907782099e-01
9.844627082219787884e-01
9.146705644594699258e-01
6.736785756505330180e-01
6.197895147675630545e-01
3.541213528636871222e-01
5.268254834049027613e-01
5.928155533270204058e-01
6.016901849453510920e-01
5.979381935619444421e-01
4.533077892507497153e-01
5.248934115018227820e-01
4.846688727953933906e-01
4.977553669517420509e-01
4.289356982150409614e-01
4.295995140516402078e-01
5.313024628970400842e-01
8.533021738472670314e-01
3.783397810488728363e-01
4.664375507881491911e-01
3.564138581422171548e-01
6.113644913944730197e-01
5.196555006011878142e-01
4.297867527294342294e-01
3.990289929411890424e-01
7.638821798154263876e-01
6.993279743517718527e-01
5.416111640181241471e-01
9.744113616189576943e-01
6.547079294410141914e-01
3.636874283172665812e-01
9.808864512723203255e-01
6.342902107490865360e-01
6.149233049570642651e-01
4.359937557455352830e-01
6.460432323537231847e-01
9.481314614961946496e-01
7.088001802386962868e-01
7.583602917950449385e-01
7.027456705794647984e-01
4.312791911725774585e-01
5.824018271194496554e-01
4.565383650184433040e-01
9.357263653421042937e-01
8.640413275763455525e-01
7.756305385240382932e-01
8.120933180286359354e-01
6.019992816947054015e-01
6.467110186807624173e-01
8.482083466657521775e-01
8.286586202928362122e-01
7.487932818294847914e-01
8.349344318446589863e-01
5.470320480117528694e-01
6.937024801539150021e-01
7.619458924795922128e-01
5.140534159488513444e-01
3.888411560162174929e-01
7.814286836586566976e-01
5.568090454273949552e-01
3.804316493767649909e-01
3.550180034187501721e-01
5.400130752751246543e-01
6.708715514175539463e-01
3.442606799406096596e-01
3.419370067925528445e-01
6.903882227906563696e-01
6.281728788654891149e-01
6.196480748901547209e-01
6.940562004188989276e-01
7.718684000032707271e-01
9.797274862325533462e-01
9.248457415061683839e-01
6.942184862743527862e-01
5.100779487855116034e-01
5.469389577073634490e-01
9.275259488785292383e-01
7.388416180640701159e-01
6.566358802049087062e-01
9.242457652104659749e-01
6.619291581556522308e-01
4.857817715711119089e-01
6.943723915313031458e-01
7.927342275121115334e-01
5.034846843407382311e-01
8.877804037281454841e-01
7.826241689107172883e-01
3.422443876555850695e-01
3.481473375650312452e-01
9.414411734022842815e-01
4.576097830963872792e-01
8.787261576733753632e-01
9.389007035123984046e-01
7.698008192317773446e-01
9.729639658671490610e-01
3.267937093033954632e-01
6.751097167859505532e-01
8.221905230633932415e-01
3.929824707774114412e-01
6.009967327267146109e-01
9.894886147222200501e-01
4.441184128614909521e-01
8.190400596710804004e-01
9.568663159990467015e-01
9.742149070976514613e-01
7.152871671478777671e-01
9.750754674812671663e-01
7.666541269358783106e-01
6.932484427186961229e-01
9.584090676857947022e-01
6.935346121974038658e-01
7.875278528607364548e-01
8.148125447698646440e-01
6.633946320512088546e-01
4.536218860934849717e-01
7.950356520788954828e-01
5.063113055287475905e-01
8.284077397634845852e-01
6.619136177468473159e-01
5.679833631815496275e-01
6.685492420089849119e-01
8.356749051824351460e-01
8.517106642927626536e-01
8.331297357807575521e-01
3.328031582786560305e-01
7.161351821872313783e-01
5.546728246483545455e-01
7.968762506317342842e-01
6.529938127333653197e-01
4.332119008565217255e-01
8.782588521772649592e-01
9.554602279005792731e-01
9.550232010473079791e-01
6.425090922075046285e-01
9.034301903077629481e-01
8.716743314942826393e-01
3.980684380158403535e-01
7.086866105555515993e-01
4.550040526887579873e-01
6.492674430886670178e-01
5.967437882678690020e-01
7.660845598827886738e-01
4.272429806486882087e-01
5.193451251836155302e-01
9.861394383242467754e-01
4.774365264235290174e-01
9.491064657975393226e-01
4.478332492558035338e-01
7.474557607602938525e-01
8.548996019455209483e-01
3.819784723207337307e-01
6.131883607344004172e-01
5.110789631749643736e-01
8.562861455439667591e-01
5.935763284662138872e-01
6.592347925062387315e-01
8.576808024552671217e-01
4.967275033816836993e-01
4.765631887926698451e-01
9.412559122072794437e-01
5.388846734036336628e-01
3.781442494110423547e-01
8.178543261323195646e-01
4.713622911675580673e-01
9.434004656855234927e-01
5.962263376019685257e-01
5.856705628666785124e-01
4.881253314829472889e-01
7.883491170568347473e-01
4.124294851300329690e-01
9.765348385386171115e-01
5.504453417940807780e-01
8.894244412188785365e-01
9.524298909295633164e-01
3.918746477095785274e-01
5.399711880512023665e-01
3.733160712179187657e-01
7.410500238210563362e-01
6.511657149270054790e-01
6.466409359389300171e-01
5.605171270864868216e-01
3.620855845601775314e-01
3.541910142386340277e-01
5.524573970375282750e-01
6.875068179778247579e-01
4.016881569819804598e-01
4.562116059520317513e-01
8.909595600763167145e-01
5.296479505192920323e-01
5.590628585350425617e-01
9.079527439847787651e-01
4.896946313635607839e-01
9.883054842891588754e-01
8.908921423361477743e-01
5.486050224058851565e-01
5.468216419302808218e-01
8.766925866690375990e-01
9.738992973695347333e-01
5.790145116413927262e-01
5.382803435231521272e-01
7.183501587817301415e-01
7.441133458424711300e-01
4.951563719827080656e-01
9.186286146058890711e-01
9.774962160273339418e-01
6.315683868986876615e-01
4.346292945136364660e-01
3.218413411523053935e-01
4.913625690310821081e-01
4.584044588483900395e-01
6.654121057230932834e-01
4.322134208193337823e-01
7.911031959863358276e-01
9.519418778473075493e-01
7.317268199432390707e-01
6.975702310824759556e-01
4.605453660405746108e-01
6.233510955443889445e-01
9.590484108761244686e-01
6.090642505398097262e-01
5.465713926092288233e-01
6.088661340469084804e-01
4.931927399020303859e-01
4.185883432298475038e-01
7.270456850898103784e-01
7.292349614005885217e-01
6.167705482964812580e-01
6.821340877322706886e-01
9.635900115331149651e-01
7.566628253091778333e-01
9.804981260336684823e-01
3.218413411523053935e-01
3.617504069344565365e-01
8.065269568712835069e-01
8.633186186038173116e-01
7.335840281835056542e-01
3.239905690127236615e-01
7.054261904572953767e-01
5.778419737349540508e-01
7.637095359586751897e-01
4.506475109272535251e-01
6.663985463599272352e-01
6.010799053454871643e-01
4.338536826820517112e-01
5.401999547100906351e-01
9.023392184688655560e-01
3.884444580473907505e-01
5.609460889725892407e-01
4.829384937983393633e-01
4.985890113921324085e-01
9.136528644905387297e-01
6.902919765659830675e-01
9.759080584841980377e-01
8.677544015654843346e-01
7.335775104429953508e-01
8.430331272421729416e-01
6.950431101349953122e-01
7.747079963147722736e-01
6.959578434047916096e-01
6.380763329812323414e-01
6.629967326949116613e-01
4.714993777944223585e-01
9.644032213833632072e-01
3.353274461050533839e-01
3.218413411523053935e-01
4.858821161403536482e-01
6.719568276575987875e-01
4.507188632885483770e-01
9.430382101648322468e-01
8.837112163981227786e-01
3.669716926487660014e-01
5.376472282664426228e-01
8.896497001974943419e-01
9.219433711076173710e-01
9.232737692530320617e-01
8.909886164448034274e-01
4.104437523630448670e-01
7.997386603990885856e-01
5.618184197746063369e-01
4.442939206895439863e-01
6.652637990986064453e-01
3.321170860846821005e-01
3.302407207524495347e-01
3.674181453009008891e-01
7.656803541697319027e-01
5.332263981260900731e-01
5.147436912118856789e-01
5.982827208733649815e-01
9.190616371181289379e-01
8.545845216771661423e-01
6.807897157721017889e-01
4.203478325294923712e-01
8.232739851620727300e-01
6.224188451653381859e-01
4.794291326068786940e-01
5.974646355221640004e-01
6.279411361864979391e-01
7.911079971074023165e-01
6.002901331859332723e-01
6.338810022481803363e-01
5.122852182225722251e-01
8.856916794309436236e-01
6.298576343050164006e-01
6.508834595329812123e-01
6.498420857704285680e-01
8.477359827884930477e-01
7.266707540663775999e-01
3.310201630048358323e-01
5.955504681585562787e-01
3.547185239658356415e-01
3.367063481609028353e-01
4.499826838965603204e-01
4.742294886792002284e-01
7.637547012737366803e-01
6.745736517210541017e-01
4.167114914692050531e-01
4.376843828779825030e-01
8.599889596827535732e-01
7.822388278479820434e-01
9.927363295423011769e-01
8.383119851747938833e-01
8.731152367833822092e-01
8.793976958558180623e-01
6.233819519103185325e-01
6.725821534890860098e-01
3.747493923984944741e-01
3.420541111107339161e-01
4.860295442033779612e-01
8.542537713675909528e-01
4.645100325446406275e-01
5.151608959562965495e-01
3.588090376167561435e-01
7.112761854714786391e-01
7.811323973361632422e-01
8.506808143014498169e-01
9.733433137806308810e-01
4.860678630191697658e-01
7.221997122156106341e-01
7.375599714088352243e-01
4.710782933890306778e-01
7.969243288093641464e-01
5.747627934941617056e-01
8.305764613058447265e-01
4.272284026957551828e-01
4.502421597704759915e-01
8.020468435418008912e-01
3.774450210132956895e-01
4.320781891626798710e-01
9.405309656018113751e-01
7.420817138669338897e-01
7.632995344358839418e-01
4.947980602857495191e-01
7.026609856945134069e-01
5.275917376085261790e-01
7.072908444128576111e-01
3.457143127387674597e-01
9.080988263333477084e-01
4.183079483117891906e-01
5.499229979935554846e-01
8.237898419744726919e-01
8.349231993370975768e-01
6.391486297180438703e-01
9.980272979934942112e-01
7.836038074233613315e-01
9.894015912131420842e-01
7.357038025613805710e-01
6.081260682891191927e-01
7.820947478191154767e-01
9.852759453646965371e-01
4.184501132616506025e-01
9.225945471280487808e-01
8.502244458885004352e-01
4.443621622542960892e-01
8.569263647692481056e-01
4.684426257702217211e-01
6.220487467819539873e-01
8.895125676911037615e-01
4.225853906677304317e-01
6.164051915257099390e-01
8.638192784651754774e-01
9.822354544902701656e-01
6.039675050032414783e-01
3.797869648079902904e-01
5.252726119584687492e-01
9.687870066919240797e-01
3.489091381417395166e-01
9.055170507674129565e-01
3.239165684555548319e-01
3.283507361989006501e-01
8.244729574265968752e-01
6.901060563726068020e-01
4.645077949771356240e-01
4.803531871089133931e-01
3.218413411523053935e-01
4.093982726310552711e-01
3.730739424827699824e-01
9.358542697512008957e-01
9.971390266192545759e-01
8.991119196700257943e-01
4.210061561593660961e-01
9.797238912231284180e-01
8.288108657662689449e-01
4.968107954376694280e-01
8.687628117152218499e-01
6.792717880215966009e-01
9.032787761847853591e-01
7.667595742561825745e-01
7.775187774584082501e-01
8.185385072205665358e-01
7.204130144076849041e-01
4.117773681790081741e-01
9.152730031474598515e-01
7.708276653560388603e-01
8.096814914056746915e-01
7.519886404560157667e-01
4.126238959246131266e-01
3.218413411523053935e-01
3.218413411523053935e-01
8.640778059957606727e-01
5.833033423511686522e-01
9.685660737041090762e-01
6.493048753090661096e-01
8.393843122645906485e-01
4.269562459234759744e-01
4.404831069474436367e-01
4.200111348094631714e-01
8.124533119607479925e-01
3.233663408041828058e-01
6.672033168901986278e-01
5.332493892449752249e-01
3.710909788023990519e-01
3.218413411523053935e-01
9.213559535723542249e-01
5.308960124529865654e-01
7.659041612288801648e-01
5.896481708523495513e-01
9.396061033036924304e-01
8.819686417861041239e-01
3.419374684993617408e-01
6.092585034398677601e-01
6.308370081400090923e-01
7.181685034488228814e-01
4.027501998404039996e-01
4.744956383916587028e-01
7.829904358175679979e-01
6.514049968301552918e-01
6.369025158944092713e-01
6.950191894852997265e-01
6.896378947145145322e-01
4.230769358626615961e-01
4.460478808250815663e-01
6.891575672194015789e-01
3.667953509478419916e-01
4.707512557455128532e-01
9.869980696627185246e-01
6.828421221942544417e-01
6.192636611496552534e-01
7.134070905218324876e-01
4.498496051402124940e-01
8.585047526985511990e-01
6.451016397397446589e-01
7.742248884033126055e-01
6.643571587616967644e-01
4.438757947559902051e-01
5.985120643007562080e-01
3.619989301110195234e-01
3.746272310017298435e-01
6.522464823795501854e-01
3.249837342331594048e-01
6.591061431869875697e-01
9.501287922097580996e-01
9.215051027691463226e-01
3.218413411523053935e-01
7.348473289185302182e-01
3.218413411523053935e-01
5.432579232890324406e-01
3.639543815287347717e-01
3.387841056042444898e-01
6.674008147003031022e-01
7.845413551434038402e-01
9.362321733020331216e-01
5.784932020093908056e-01
8.732325168596173359e-01
5.358102342828390263e-01
5.604167569827220863e-01
6.903759949455112732e-01
6.687164114277966975e-01
6.833758978496072833e-01
8.312160344573843451e-01
9.393153897197515922e-01
9.557710593521612230e-01
7.168222731869137165e-01
7.977673661686267570e-01
5.040733331473521428e-01
3.776008607214351720e-01
9.628065560006856538e-01
6.899828859524146374e-01
3.977291208443534121e-01
4.465733066003348961e-01
5.391906337859729836e-01
4.258859350860214055e-01
4.069413338479536124e-01
5.613066982664257631e-01
4.220176359291086809e-01
8.767283430221988194e-01
